p min 26308 1958
n 19174 1
n 18716 1
n 15078 1
n 26305 -1
n 26307 -1
n 26308 -1
a 15078 15718 0 1 10
a 15078 15726 0 1 10
a 15078 19550 0 7 70
a 15718 16358 0 1 10
a 15718 16366 0 1 10
a 15718 20190 0 7 70
a 15726 16365 0 1 10
a 15726 16366 0 1 10
a 15726 22767 0 11 110
a 16358 16998 0 1 10
a 16358 17006 0 1 10
a 16358 20830 0 7 70
a 16365 16997 0 1 10
a 16365 17005 0 1 10
a 16365 20853 0 7 70
a 16366 17005 0 1 10
a 16366 17006 0 1 10
a 16366 23407 0 11 110
a 16997 17637 0 1 10
a 16997 17638 0 1 10
a 16997 24036 0 11 110
a 16998 17638 0 1 10
a 16998 17646 0 1 10
a 16998 21470 0 7 70
a 17005 17637 0 1 10
a 17005 17645 0 1 10
a 17005 21493 0 7 70
a 17006 17645 0 1 10
a 17006 17646 0 1 10
a 17006 24047 0 11 110
a 17637 18277 0 1 10
a 17637 18278 0 1 10
a 17637 24676 0 11 110
a 17638 18278 0 1 10
a 17638 18286 0 1 10
a 17638 22110 0 7 70
a 17645 18277 0 1 10
a 17645 18285 0 1 10
a 17645 22133 0 7 70
a 17646 18285 0 1 10
a 17646 18286 0 1 10
a 17646 24687 0 11 110
a 18277 18917 0 1 10
a 18277 18918 0 1 10
a 18277 25316 0 11 110
a 18278 18918 0 1 10
a 18278 18926 0 1 10
a 18278 22750 0 7 70
a 18285 18917 0 1 10
a 18285 18925 0 1 10
a 18285 22773 0 7 70
a 18286 18925 0 1 10
a 18286 18926 0 1 10
a 18286 25327 0 11 110
a 18716 19355 0 1 10
a 18716 25757 0 11 110
a 18917 19558 0 1 10
a 18917 25956 0 11 110
a 18918 19566 0 1 10
a 18918 23390 0 7 70
a 18925 19557 0 1 10
a 18925 23413 0 7 70
a 18926 19565 0 1 10
a 18926 25967 0 11 110
a 19150 26191 0 11 110
a 19155 19796 0 1 10
a 19155 26194 0 11 110
a 19156 19804 0 1 10
a 19156 23628 0 7 70
a 19157 19798 0 1 10
a 19157 26196 0 11 110
a 19158 19806 0 1 10
a 19158 23630 0 7 70
a 19159 19800 0 1 10
a 19159 26198 0 11 110
a 19160 23632 0 7 70
a 19163 19795 0 1 10
a 19163 23651 0 7 70
a 19164 19803 0 1 10
a 19164 26205 0 11 110
a 19165 19797 0 1 10
a 19165 23653 0 7 70
a 19166 19805 0 1 10
a 19166 26207 0 11 110
a 19167 19799 0 1 10
a 19167 23655 0 7 70
a 19172 19820 0 1 10
a 19172 23644 0 7 70
a 19173 19814 0 1 10
a 19173 26212 0 11 110
a 19174 19822 0 1 10
a 19174 23646 0 7 70
a 19181 19813 0 1 10
a 19181 23669 0 7 70
a 19182 19821 0 1 10
a 19182 26223 0 11 110
a 19189 19830 0 1 10
a 19189 26228 0 11 110
a 19190 19838 0 1 10
a 19190 23662 0 7 70
a 19201 19849 0 1 10
a 19201 26307 0 1 90000
a 19201 26308 0 1 90000
a 19201 26305 0 1 90000
a 19202 19841 0 1 10
a 19202 26305 0 1 90000
a 19202 26307 0 1 90000
a 19202 26308 0 1 90000
a 19203 26242 0 11 110
a 19203 26308 0 1 90000
a 19203 26305 0 1 90000
a 19203 26307 0 1 90000
a 19204 19843 0 1 10
a 19204 19852 0 1 10
a 19204 26307 0 1 90000
a 19204 26308 0 1 90000
a 19204 26305 0 1 90000
a 19205 26244 0 11 110
a 19205 26307 0 1 90000
a 19205 26308 0 1 90000
a 19205 26305 0 1 90000
a 19206 19845 0 1 10
a 19206 19854 0 1 10
a 19206 26308 0 1 90000
a 19206 26307 0 1 90000
a 19206 26305 0 1 90000
a 19207 19855 0 1 10
a 19207 26246 0 11 110
a 19207 26308 0 1 90000
a 19207 26307 0 1 90000
a 19207 26305 0 1 90000
a 19208 19847 0 1 10
a 19208 26307 0 1 90000
a 19208 26305 0 1 90000
a 19208 26308 0 1 90000
a 19209 19850 0 1 10
a 19209 23697 0 7 70
a 19209 26307 0 1 191
a 19209 26307 0 1 90000
a 19209 26308 0 1 90000
a 19209 26305 0 1 90000
a 19209 26307 0 1 90000
a 19210 19842 0 1 10
a 19210 26251 0 11 110
a 19210 26308 0 1 190
a 19210 26308 0 1 90000
a 19210 26308 0 1 90000
a 19210 26305 0 1 90000
a 19210 26307 0 1 90000
a 19211 19843 0 1 10
a 19211 19852 0 1 10
a 19211 23699 0 7 70
a 19211 26305 0 1 90000
a 19211 26308 0 1 90000
a 19211 26307 0 1 90000
a 19212 26253 0 11 110
a 19212 26305 0 1 90000
a 19212 26307 0 1 90000
a 19212 26308 0 1 90000
a 19213 19845 0 1 10
a 19213 19854 0 1 10
a 19213 23701 0 7 70
a 19213 26308 0 1 90000
a 19213 26305 0 1 90000
a 19213 26307 0 1 90000
a 19214 26255 0 11 110
a 19214 26308 0 1 90000
a 19214 26305 0 1 90000
a 19214 26307 0 1 90000
a 19215 19856 0 1 10
a 19215 23703 0 7 70
a 19215 26308 0 1 90000
a 19215 26307 0 1 90000
a 19215 26305 0 1 90000
a 19216 19848 0 1 10
a 19216 26308 0 1 90000
a 19216 26307 0 1 90000
a 19216 26305 0 1 90000
a 19217 19858 0 1 10
a 19217 19865 0 1 10
a 19217 26307 0 1 90000
a 19217 26305 0 1 90000
a 19217 26308 0 1 90000
a 19218 19866 0 1 10
a 19218 23690 0 7 70
a 19218 26305 0 1 90000
a 19218 26308 0 1 90000
a 19218 26307 0 1 90000
a 19219 19860 0 1 10
a 19219 26258 0 11 110
a 19219 26307 0 1 90000
a 19219 26308 0 1 90000
a 19219 26305 0 1 90000
a 19220 19868 0 1 10
a 19220 23692 0 7 70
a 19220 26308 0 1 90000
a 19220 26307 0 1 90000
a 19220 26305 0 1 90000
a 19221 19862 0 1 10
a 19221 26260 0 11 110
a 19221 26305 0 1 90000
a 19221 26308 0 1 90000
a 19221 26307 0 1 90000
a 19222 19870 0 1 10
a 19222 23694 0 7 70
a 19222 26308 0 1 90000
a 19222 26305 0 1 90000
a 19222 26307 0 1 90000
a 19223 19864 0 1 10
a 19223 26262 0 11 110
a 19223 26307 0 1 90000
a 19223 26308 0 1 90000
a 19223 26305 0 1 90000
a 19224 23696 0 7 70
a 19224 26308 0 1 90000
a 19224 26307 0 1 90000
a 19224 26305 0 1 90000
a 19225 23713 0 7 70
a 19225 26305 0 1 196
a 19225 26305 0 1 90000
a 19225 26307 0 1 90000
a 19225 26305 0 1 90000
a 19225 26308 0 1 90000
a 19226 19865 0 1 10
a 19226 26267 0 11 110
a 19226 26307 0 1 90000
a 19226 26308 0 1 90000
a 19226 26305 0 1 90000
a 19227 19859 0 1 10
a 19227 23715 0 7 70
a 19227 26305 0 1 90000
a 19227 26307 0 1 90000
a 19227 26308 0 1 90000
a 19228 19867 0 1 10
a 19228 26269 0 11 110
a 19228 26305 0 1 90000
a 19228 26307 0 1 90000
a 19228 26308 0 1 90000
a 19229 19861 0 1 10
a 19229 23717 0 7 70
a 19229 26305 0 1 90000
a 19229 26307 0 1 90000
a 19229 26308 0 1 90000
a 19230 19869 0 1 10
a 19230 26271 0 11 110
a 19230 26305 0 1 90000
a 19230 26307 0 1 90000
a 19230 26308 0 1 90000
a 19231 19863 0 1 10
a 19231 23719 0 7 70
a 19231 26305 0 1 90000
a 19231 26307 0 1 90000
a 19231 26308 0 1 90000
a 19232 19864 0 1 10
a 19232 19871 0 1 10
a 19232 26305 0 1 90000
a 19232 26308 0 1 90000
a 19232 26307 0 1 90000
a 19233 19874 0 1 10
a 19233 19881 0 1 10
a 19233 26307 0 1 90000
a 19233 26308 0 1 90000
a 19233 26305 0 1 90000
a 19234 19882 0 1 10
a 19234 23706 0 7 70
a 19234 26307 0 1 90000
a 19234 26308 0 1 90000
a 19234 26305 0 1 90000
a 19235 19876 0 1 10
a 19235 26274 0 11 110
a 19235 26307 0 1 90000
a 19235 26305 0 1 90000
a 19235 26308 0 1 90000
a 19236 19884 0 1 10
a 19236 23708 0 7 70
a 19236 26307 0 1 90000
a 19236 26305 0 1 90000
a 19236 26308 0 1 90000
a 19237 19878 0 1 10
a 19237 26276 0 11 110
a 19237 26307 0 1 90000
a 19237 26308 0 1 90000
a 19237 26305 0 1 90000
a 19238 19886 0 1 10
a 19238 23710 0 7 70
a 19238 26308 0 1 90000
a 19238 26307 0 1 90000
a 19238 26305 0 1 90000
a 19239 19880 0 1 10
a 19239 26278 0 11 110
a 19239 26305 0 1 90000
a 19239 26308 0 1 90000
a 19239 26307 0 1 90000
a 19240 23712 0 7 70
a 19240 26308 0 1 90000
a 19240 26305 0 1 90000
a 19240 26307 0 1 90000
a 19241 23729 0 7 70
a 19241 26305 0 1 90000
a 19241 26308 0 1 90000
a 19241 26307 0 1 90000
a 19243 19884 0 1 10
a 19243 23731 0 7 70
a 19243 26307 0 1 90000
a 19243 26305 0 1 90000
a 19243 26308 0 1 90000
a 19244 19883 0 1 10
a 19244 26285 0 11 110
a 19244 26305 0 1 90000
a 19244 26307 0 1 90000
a 19244 26308 0 1 90000
a 19245 19877 0 1 10
a 19245 23733 0 7 70
a 19245 26307 0 1 90000
a 19245 26308 0 1 90000
a 19245 26305 0 1 90000
a 19246 19885 0 1 10
a 19246 26287 0 11 110
a 19246 26307 0 1 90000
a 19246 26308 0 1 90000
a 19246 26305 0 1 90000
a 19247 19879 0 1 10
a 19247 23735 0 7 70
a 19247 26308 0 1 90000
a 19247 26307 0 1 90000
a 19247 26305 0 1 90000
a 19251 19892 0 1 10
a 19251 26290 0 11 110
a 19251 26305 0 1 90000
a 19251 26307 0 1 90000
a 19251 26308 0 1 90000
a 19252 19900 0 1 10
a 19252 23724 0 7 70
a 19252 26307 0 1 90000
a 19252 26305 0 1 90000
a 19252 26308 0 1 90000
a 19253 19894 0 1 10
a 19253 26292 0 11 110
a 19253 26305 0 1 90000
a 19253 26307 0 1 90000
a 19253 26308 0 1 90000
a 19254 19902 0 1 10
a 19254 23726 0 7 70
a 19254 26308 0 1 90000
a 19254 26305 0 1 90000
a 19254 26307 0 1 90000
a 19255 19896 0 1 10
a 19255 26294 0 11 110
a 19255 26305 0 1 90000
a 19255 26308 0 1 90000
a 19255 26307 0 1 90000
a 19256 23728 0 7 70
a 19256 26307 0 1 90000
a 19256 26305 0 1 90000
a 19256 26308 0 1 90000
a 19260 26301 0 11 110
a 19260 26308 0 1 90000
a 19260 26307 0 1 90000
a 19260 26305 0 1 90000
a 19262 26303 0 11 110
a 19262 26307 0 1 90000
a 19262 26305 0 1 90000
a 19262 26308 0 1 90000
a 19263 19895 0 1 10
a 19263 19904 0 1 10
a 19263 26307 0 1 90000
a 19263 26308 0 1 90000
a 19263 26305 0 1 90000
a 19841 26305 0 1 90000
a 19841 26307 0 1 90000
a 19841 26308 0 1 90000
a 19842 26307 0 1 90000
a 19842 26305 0 1 90000
a 19842 26308 0 1 90000
a 19843 26307 0 1 90000
a 19843 26308 0 1 90000
a 19843 26305 0 1 90000
a 19844 26305 0 1 90000
a 19844 26307 0 1 90000
a 19844 26308 0 1 90000
a 19845 26307 0 1 90000
a 19845 26305 0 1 90000
a 19845 26308 0 1 90000
a 19846 26308 0 1 90000
a 19846 26307 0 1 90000
a 19846 26305 0 1 90000
a 19847 26305 0 1 90000
a 19847 26307 0 1 90000
a 19847 26308 0 1 90000
a 19848 26305 0 1 90000
a 19848 26308 0 1 90000
a 19848 26307 0 1 90000
a 19849 26305 0 1 90000
a 19849 26307 0 1 90000
a 19849 26308 0 1 90000
a 19850 26308 0 1 90000
a 19850 26307 0 1 90000
a 19850 26305 0 1 90000
a 19851 26308 0 1 90000
a 19851 26307 0 1 90000
a 19851 26305 0 1 90000
a 19852 26305 0 1 90000
a 19852 26308 0 1 90000
a 19852 26307 0 1 90000
a 19853 26308 0 1 90000
a 19853 26305 0 1 90000
a 19853 26307 0 1 90000
a 19854 26308 0 1 90000
a 19854 26307 0 1 90000
a 19854 26305 0 1 90000
a 19855 26307 0 1 90000
a 19855 26308 0 1 90000
a 19855 26305 0 1 90000
a 19856 26307 0 1 90000
a 19856 26308 0 1 90000
a 19856 26305 0 1 90000
a 19857 26307 0 1 90000
a 19857 26308 0 1 90000
a 19857 26305 0 1 90000
a 19858 26305 0 1 90000
a 19858 26308 0 1 90000
a 19858 26307 0 1 90000
a 19859 26308 0 1 90000
a 19859 26305 0 1 90000
a 19859 26307 0 1 90000
a 19860 26307 0 1 90000
a 19860 26305 0 1 90000
a 19860 26308 0 1 90000
a 19861 26307 0 1 90000
a 19861 26305 0 1 90000
a 19861 26308 0 1 90000
a 19862 26308 0 1 90000
a 19862 26305 0 1 90000
a 19862 26307 0 1 90000
a 19863 26308 0 1 90000
a 19863 26305 0 1 90000
a 19863 26307 0 1 90000
a 19864 26305 0 1 90000
a 19864 26307 0 1 90000
a 19864 26308 0 1 90000
a 19865 26307 0 1 90000
a 19865 26305 0 1 90000
a 19865 26308 0 1 90000
a 19866 26308 0 1 90000
a 19866 26307 0 1 90000
a 19866 26305 0 1 90000
a 19867 26308 0 1 90000
a 19867 26305 0 1 90000
a 19867 26307 0 1 90000
a 19868 26308 0 1 90000
a 19868 26307 0 1 90000
a 19868 26305 0 1 90000
a 19869 26305 0 1 90000
a 19869 26308 0 1 90000
a 19869 26307 0 1 90000
a 19870 26305 0 1 90000
a 19870 26307 0 1 90000
a 19870 26308 0 1 90000
a 19871 26308 0 1 90000
a 19871 26305 0 1 90000
a 19871 26307 0 1 90000
a 19872 26308 0 1 90000
a 19872 26307 0 1 90000
a 19872 26305 0 1 90000
a 19873 26308 0 1 90000
a 19873 26305 0 1 90000
a 19873 26307 0 1 90000
a 19874 26308 0 1 90000
a 19874 26305 0 1 90000
a 19874 26307 0 1 90000
a 19875 26305 0 1 90000
a 19875 26308 0 1 90000
a 19875 26307 0 1 90000
a 19876 26308 0 1 90000
a 19876 26305 0 1 90000
a 19876 26307 0 1 90000
a 19877 26307 0 1 90000
a 19877 26305 0 1 90000
a 19877 26308 0 1 90000
a 19878 26308 0 1 90000
a 19878 26307 0 1 90000
a 19878 26305 0 1 90000
a 19879 26307 0 1 90000
a 19879 26308 0 1 90000
a 19879 26305 0 1 90000
a 19880 26307 0 1 90000
a 19880 26305 0 1 90000
a 19880 26308 0 1 90000
a 19881 26307 0 1 90000
a 19881 26305 0 1 90000
a 19881 26308 0 1 90000
a 19882 26307 0 1 90000
a 19882 26308 0 1 90000
a 19882 26305 0 1 90000
a 19883 26307 0 1 90000
a 19883 26308 0 1 90000
a 19883 26305 0 1 90000
a 19884 26307 0 1 90000
a 19884 26308 0 1 90000
a 19884 26305 0 1 90000
a 19885 26305 0 1 90000
a 19885 26307 0 1 90000
a 19885 26308 0 1 90000
a 19886 26305 0 1 90000
a 19886 26307 0 1 90000
a 19886 26308 0 1 90000
a 19887 26305 0 1 90000
a 19887 26307 0 1 90000
a 19887 26308 0 1 90000
a 19891 26307 0 1 90000
a 19891 26308 0 1 90000
a 19891 26305 0 1 90000
a 19892 26305 0 1 90000
a 19892 26307 0 1 90000
a 19892 26308 0 1 90000
a 19893 26307 0 1 90000
a 19893 26308 0 1 90000
a 19893 26305 0 1 90000
a 19894 26308 0 1 90000
a 19894 26307 0 1 90000
a 19894 26305 0 1 90000
a 19895 26308 0 1 90000
a 19895 26307 0 1 90000
a 19895 26305 0 1 90000
a 19896 26307 0 1 90000
a 19896 26308 0 1 90000
a 19896 26305 0 1 90000
a 19900 26305 0 1 90000
a 19900 26307 0 1 90000
a 19900 26308 0 1 90000
a 19902 26307 0 1 90000
a 19902 26308 0 1 90000
a 19902 26305 0 1 90000
a 19903 26308 0 1 90000
a 19903 26305 0 1 90000
a 19903 26307 0 1 90000
a 19904 26308 0 1 90000
a 19904 26305 0 1 90000
a 19904 26307 0 1 90000
a 20482 26307 0 1 90000
a 20482 26308 0 1 90000
a 20482 26305 0 1 90000
a 20484 26308 0 1 90000
a 20484 26305 0 1 90000
a 20484 26307 0 1 90000
a 20486 26308 0 1 90000
a 20486 26305 0 1 90000
a 20486 26307 0 1 90000
a 20490 26305 0 1 90000
a 20490 26307 0 1 90000
a 20490 26308 0 1 90000
a 20491 26305 0 1 90000
a 20491 26307 0 1 90000
a 20491 26308 0 1 90000
a 20492 26308 0 1 90000
a 20492 26305 0 1 90000
a 20492 26307 0 1 90000
a 20493 26307 0 1 90000
a 20493 26305 0 1 90000
a 20493 26308 0 1 90000
a 20494 26307 0 1 90000
a 20494 26308 0 1 90000
a 20494 26305 0 1 90000
a 20495 26307 0 1 90000
a 20495 26308 0 1 90000
a 20495 26305 0 1 90000
a 20496 26307 0 1 90000
a 20496 26305 0 1 90000
a 20496 26308 0 1 90000
a 20497 26308 0 1 90000
a 20497 26305 0 1 90000
a 20497 26307 0 1 90000
a 20498 26308 0 1 90000
a 20498 26305 0 1 90000
a 20498 26307 0 1 90000
a 20500 26305 0 1 90000
a 20500 26308 0 1 90000
a 20500 26307 0 1 90000
a 20501 26305 0 1 90000
a 20501 26307 0 1 90000
a 20501 26308 0 1 90000
a 20502 26308 0 1 90000
a 20502 26305 0 1 90000
a 20502 26307 0 1 90000
a 20503 26308 0 1 90000
a 20503 26307 0 1 90000
a 20503 26305 0 1 90000
a 20508 26308 0 1 90000
a 20508 26305 0 1 90000
a 20508 26307 0 1 90000
a 20509 26305 0 1 90000
a 20509 26308 0 1 90000
a 20509 26307 0 1 90000
a 20510 26308 0 1 90000
a 20510 26305 0 1 90000
a 20510 26307 0 1 90000
a 20511 26308 0 1 90000
a 20511 26305 0 1 90000
a 20511 26307 0 1 90000
a 20512 26307 0 1 90000
a 20512 26308 0 1 90000
a 20512 26305 0 1 90000
a 20513 26308 0 1 90000
a 20513 26307 0 1 90000
a 20513 26305 0 1 90000
a 20514 26308 0 1 90000
a 20514 26305 0 1 90000
a 20514 26307 0 1 90000
a 20515 26308 0 1 90000
a 20515 26305 0 1 90000
a 20515 26307 0 1 90000
a 20516 26305 0 1 90000
a 20516 26307 0 1 90000
a 20516 26308 0 1 90000
a 20517 26305 0 1 90000
a 20517 26308 0 1 90000
a 20517 26307 0 1 90000
a 20518 26307 0 1 90000
a 20518 26308 0 1 90000
a 20518 26305 0 1 90000
a 20519 26307 0 1 90000
a 20519 26308 0 1 90000
a 20519 26305 0 1 90000
a 20525 26308 0 1 90000
a 20525 26305 0 1 90000
a 20525 26307 0 1 90000
a 20526 26308 0 1 90000
a 20526 26307 0 1 90000
a 20526 26305 0 1 90000
a 20527 26308 0 1 90000
a 20527 26305 0 1 90000
a 20527 26307 0 1 90000
a 20531 26308 0 1 90000
a 20531 26305 0 1 90000
a 20531 26307 0 1 90000
a 20532 26307 0 1 90000
a 20532 26308 0 1 90000
a 20532 26305 0 1 90000
a 20533 26308 0 1 90000
a 20533 26307 0 1 90000
a 20533 26305 0 1 90000
a 20535 26305 0 1 90000
a 20535 26307 0 1 90000
a 20535 26308 0 1 90000
a 20543 26308 0 1 90000
a 20543 26305 0 1 90000
a 20543 26307 0 1 90000
a 21122 26308 0 1 90000
a 21122 26305 0 1 90000
a 21122 26307 0 1 90000
a 21124 26305 0 1 90000
a 21124 26307 0 1 90000
a 21124 26308 0 1 90000
a 21126 26307 0 1 90000
a 21126 26308 0 1 90000
a 21126 26305 0 1 90000
a 21130 26305 0 1 90000
a 21130 26307 0 1 90000
a 21130 26308 0 1 90000
a 21131 26307 0 1 90000
a 21131 26305 0 1 90000
a 21131 26308 0 1 90000
a 21132 26307 0 1 90000
a 21132 26305 0 1 90000
a 21132 26308 0 1 90000
a 21133 26307 0 1 90000
a 21133 26305 0 1 90000
a 21133 26308 0 1 90000
a 21134 26307 0 1 90000
a 21134 26308 0 1 90000
a 21134 26305 0 1 90000
a 21135 26307 0 1 90000
a 21135 26305 0 1 90000
a 21135 26308 0 1 90000
a 21136 26308 0 1 90000
a 21136 26307 0 1 90000
a 21136 26305 0 1 90000
a 21137 26307 0 1 90000
a 21137 26308 0 1 90000
a 21137 26305 0 1 90000
a 21138 26307 0 1 90000
a 21138 26308 0 1 90000
a 21138 26305 0 1 90000
a 21139 26305 0 1 90000
a 21139 26308 0 1 90000
a 21139 26307 0 1 90000
a 21140 26305 0 1 90000
a 21140 26308 0 1 90000
a 21140 26307 0 1 90000
a 21141 26307 0 1 90000
a 21141 26308 0 1 90000
a 21141 26305 0 1 90000
a 21142 26305 0 1 90000
a 21142 26307 0 1 90000
a 21142 26308 0 1 90000
a 21143 26307 0 1 90000
a 21143 26308 0 1 90000
a 21143 26305 0 1 90000
a 21148 26308 0 1 90000
a 21148 26305 0 1 90000
a 21148 26307 0 1 90000
a 21149 26308 0 1 90000
a 21149 26305 0 1 90000
a 21149 26307 0 1 90000
a 21150 26305 0 1 90000
a 21150 26308 0 1 90000
a 21150 26307 0 1 90000
a 21151 26307 0 1 90000
a 21151 26308 0 1 90000
a 21151 26305 0 1 90000
a 21152 26305 0 1 90000
a 21152 26308 0 1 90000
a 21152 26307 0 1 90000
a 21153 26308 0 1 90000
a 21153 26305 0 1 90000
a 21153 26307 0 1 90000
a 21154 26308 0 1 90000
a 21154 26305 0 1 90000
a 21154 26307 0 1 90000
a 21155 26308 0 1 90000
a 21155 26305 0 1 90000
a 21155 26307 0 1 90000
a 21156 26308 0 1 90000
a 21156 26307 0 1 90000
a 21156 26305 0 1 90000
a 21157 26307 0 1 90000
a 21157 26305 0 1 90000
a 21157 26308 0 1 90000
a 21158 26308 0 1 90000
a 21158 26307 0 1 90000
a 21158 26305 0 1 90000
a 21159 26308 0 1 90000
a 21159 26307 0 1 90000
a 21159 26305 0 1 90000
a 21165 26307 0 1 90000
a 21165 26305 0 1 90000
a 21165 26308 0 1 90000
a 21166 26307 0 1 90000
a 21166 26305 0 1 90000
a 21166 26308 0 1 90000
a 21167 26308 0 1 90000
a 21167 26307 0 1 90000
a 21167 26305 0 1 90000
a 21171 26305 0 1 90000
a 21171 26307 0 1 90000
a 21171 26308 0 1 90000
a 21172 26307 0 1 90000
a 21172 26305 0 1 90000
a 21172 26308 0 1 90000
a 21173 26305 0 1 90000
a 21173 26307 0 1 90000
a 21173 26308 0 1 90000
a 21175 26307 0 1 90000
a 21175 26308 0 1 90000
a 21175 26305 0 1 90000
a 21183 26307 0 1 90000
a 21183 26305 0 1 90000
a 21183 26308 0 1 90000
a 21762 26307 0 1 90000
a 21762 26305 0 1 90000
a 21762 26308 0 1 90000
a 21764 26308 0 1 90000
a 21764 26305 0 1 90000
a 21764 26307 0 1 90000
a 21766 26308 0 1 90000
a 21766 26307 0 1 90000
a 21766 26305 0 1 90000
a 21770 26305 0 1 90000
a 21770 26307 0 1 90000
a 21770 26308 0 1 90000
a 21771 26308 0 1 90000
a 21771 26305 0 1 90000
a 21771 26307 0 1 90000
a 21772 26308 0 1 90000
a 21772 26307 0 1 90000
a 21772 26305 0 1 90000
a 21773 26308 0 1 90000
a 21773 26305 0 1 90000
a 21773 26307 0 1 90000
a 21774 26308 0 1 90000
a 21774 26305 0 1 90000
a 21774 26307 0 1 90000
a 21775 26308 0 1 90000
a 21775 26305 0 1 90000
a 21775 26307 0 1 90000
a 21776 26305 0 1 90000
a 21776 26307 0 1 90000
a 21776 26308 0 1 90000
a 21777 26307 0 1 90000
a 21777 26305 0 1 90000
a 21777 26308 0 1 90000
a 21778 26308 0 1 90000
a 21778 26307 0 1 90000
a 21778 26305 0 1 90000
a 21779 26308 0 1 90000
a 21779 26305 0 1 90000
a 21779 26307 0 1 90000
a 21780 26308 0 1 90000
a 21780 26307 0 1 90000
a 21780 26305 0 1 90000
a 21781 26305 0 1 90000
a 21781 26307 0 1 90000
a 21781 26308 0 1 90000
a 21782 26305 0 1 90000
a 21782 26308 0 1 90000
a 21782 26307 0 1 90000
a 21783 26308 0 1 90000
a 21783 26307 0 1 90000
a 21783 26305 0 1 90000
a 21787 26308 0 1 90000
a 21787 26305 0 1 90000
a 21787 26307 0 1 90000
a 21788 26307 0 1 90000
a 21788 26308 0 1 90000
a 21788 26305 0 1 90000
a 21789 26308 0 1 90000
a 21789 26307 0 1 90000
a 21789 26305 0 1 90000
a 21790 26308 0 1 90000
a 21790 26305 0 1 90000
a 21790 26307 0 1 90000
a 21791 26305 0 1 90000
a 21791 26308 0 1 90000
a 21791 26307 0 1 90000
a 21792 26308 0 1 90000
a 21792 26305 0 1 90000
a 21792 26307 0 1 90000
a 21793 26307 0 1 90000
a 21793 26305 0 1 90000
a 21793 26308 0 1 90000
a 21794 26305 0 1 90000
a 21794 26307 0 1 90000
a 21794 26308 0 1 90000
a 21795 26305 0 1 90000
a 21795 26308 0 1 90000
a 21795 26307 0 1 90000
a 21796 26307 0 1 90000
a 21796 26308 0 1 90000
a 21796 26305 0 1 90000
a 21797 26308 0 1 90000
a 21797 26305 0 1 90000
a 21797 26307 0 1 90000
a 21798 26305 0 1 90000
a 21798 26307 0 1 90000
a 21798 26308 0 1 90000
a 21799 26307 0 1 90000
a 21799 26308 0 1 90000
a 21799 26305 0 1 90000
a 21805 26308 0 1 90000
a 21805 26305 0 1 90000
a 21805 26307 0 1 90000
a 21806 26305 0 1 90000
a 21806 26307 0 1 90000
a 21806 26308 0 1 90000
a 21807 26305 0 1 90000
a 21807 26308 0 1 90000
a 21807 26307 0 1 90000
a 21811 26305 0 1 90000
a 21811 26307 0 1 90000
a 21811 26308 0 1 90000
a 21812 26305 0 1 90000
a 21812 26308 0 1 90000
a 21812 26307 0 1 90000
a 21813 26307 0 1 90000
a 21813 26308 0 1 90000
a 21813 26305 0 1 90000
a 21815 26308 0 1 90000
a 21815 26307 0 1 90000
a 21815 26305 0 1 90000
a 21823 26308 0 1 90000
a 21823 26305 0 1 90000
a 21823 26307 0 1 90000
a 22402 26307 0 1 90000
a 22402 26305 0 1 90000
a 22402 26308 0 1 90000
a 22404 26305 0 1 90000
a 22404 26307 0 1 90000
a 22404 26308 0 1 90000
a 22406 26307 0 1 90000
a 22406 26308 0 1 90000
a 22406 26305 0 1 90000
a 22410 26307 0 1 90000
a 22410 26305 0 1 90000
a 22410 26308 0 1 90000
a 22411 26305 0 1 90000
a 22411 26307 0 1 90000
a 22411 26308 0 1 90000
a 22412 26307 0 1 90000
a 22412 26308 0 1 90000
a 22412 26305 0 1 90000
a 22413 26305 0 1 90000
a 22413 26307 0 1 90000
a 22413 26308 0 1 90000
a 22414 26305 0 1 90000
a 22414 26308 0 1 90000
a 22414 26307 0 1 90000
a 22415 26305 0 1 90000
a 22415 26307 0 1 90000
a 22415 26308 0 1 90000
a 22416 26308 0 1 90000
a 22416 26305 0 1 90000
a 22416 26307 0 1 90000
a 22417 26305 0 1 90000
a 22417 26307 0 1 90000
a 22417 26308 0 1 90000
a 22418 26307 0 1 90000
a 22418 26308 0 1 90000
a 22418 26305 0 1 90000
a 22419 26307 0 1 90000
a 22419 26305 0 1 90000
a 22419 26308 0 1 90000
a 22420 26305 0 1 90000
a 22420 26307 0 1 90000
a 22420 26308 0 1 90000
a 22421 26308 0 1 90000
a 22421 26307 0 1 90000
a 22421 26305 0 1 90000
a 22422 26308 0 1 90000
a 22422 26307 0 1 90000
a 22422 26305 0 1 90000
a 22423 26308 0 1 90000
a 22423 26307 0 1 90000
a 22423 26305 0 1 90000
a 22427 26308 0 1 90000
a 22427 26307 0 1 90000
a 22427 26305 0 1 90000
a 22428 26307 0 1 90000
a 22428 26308 0 1 90000
a 22428 26305 0 1 90000
a 22429 26308 0 1 90000
a 22429 26305 0 1 90000
a 22429 26307 0 1 90000
a 22430 26308 0 1 90000
a 22430 26307 0 1 90000
a 22430 26305 0 1 90000
a 22431 26305 0 1 90000
a 22431 26308 0 1 90000
a 22431 26307 0 1 90000
a 22432 26307 0 1 90000
a 22432 26308 0 1 90000
a 22432 26305 0 1 90000
a 22433 26308 0 1 90000
a 22433 26305 0 1 90000
a 22433 26307 0 1 90000
a 22434 26307 0 1 90000
a 22434 26308 0 1 90000
a 22434 26305 0 1 90000
a 22435 26307 0 1 90000
a 22435 26308 0 1 90000
a 22435 26305 0 1 90000
a 22436 26307 0 1 90000
a 22436 26308 0 1 90000
a 22436 26305 0 1 90000
a 22437 26305 0 1 90000
a 22437 26307 0 1 90000
a 22437 26308 0 1 90000
a 22438 26307 0 1 90000
a 22438 26305 0 1 90000
a 22438 26308 0 1 90000
a 22439 26305 0 1 90000
a 22439 26308 0 1 90000
a 22439 26307 0 1 90000
a 22444 26308 0 1 90000
a 22444 26305 0 1 90000
a 22444 26307 0 1 90000
a 22445 26308 0 1 90000
a 22445 26307 0 1 90000
a 22445 26305 0 1 90000
a 22446 26305 0 1 90000
a 22446 26308 0 1 90000
a 22446 26307 0 1 90000
a 22447 26305 0 1 90000
a 22447 26307 0 1 90000
a 22447 26308 0 1 90000
a 22448 26305 0 1 90000
a 22448 26307 0 1 90000
a 22448 26308 0 1 90000
a 22451 26307 0 1 90000
a 22451 26308 0 1 90000
a 22451 26305 0 1 90000
a 22452 26307 0 1 90000
a 22452 26308 0 1 90000
a 22452 26305 0 1 90000
a 22453 26308 0 1 90000
a 22453 26305 0 1 90000
a 22453 26307 0 1 90000
a 22455 26307 0 1 90000
a 22455 26305 0 1 90000
a 22455 26308 0 1 90000
a 22463 26305 0 1 90000
a 22463 26307 0 1 90000
a 22463 26308 0 1 90000
a 23042 26305 0 1 90000
a 23042 26307 0 1 90000
a 23042 26308 0 1 90000
a 23044 26305 0 1 90000
a 23044 26307 0 1 90000
a 23044 26308 0 1 90000
a 23046 26307 0 1 90000
a 23046 26308 0 1 90000
a 23046 26305 0 1 90000
a 23050 26305 0 1 90000
a 23050 26308 0 1 90000
a 23050 26307 0 1 90000
a 23051 26308 0 1 90000
a 23051 26305 0 1 90000
a 23051 26307 0 1 90000
a 23052 26307 0 1 90000
a 23052 26305 0 1 90000
a 23052 26308 0 1 90000
a 23053 26308 0 1 90000
a 23053 26305 0 1 90000
a 23053 26307 0 1 90000
a 23054 26307 0 1 90000
a 23054 26305 0 1 90000
a 23054 26308 0 1 90000
a 23055 26307 0 1 90000
a 23055 26305 0 1 90000
a 23055 26308 0 1 90000
a 23056 26308 0 1 90000
a 23056 26307 0 1 90000
a 23056 26305 0 1 90000
a 23057 26308 0 1 90000
a 23057 26307 0 1 90000
a 23057 26305 0 1 90000
a 23058 26307 0 1 90000
a 23058 26305 0 1 90000
a 23058 26308 0 1 90000
a 23059 26308 0 1 90000
a 23059 26305 0 1 90000
a 23059 26307 0 1 90000
a 23060 26307 0 1 90000
a 23060 26308 0 1 90000
a 23060 26305 0 1 90000
a 23061 26308 0 1 90000
a 23061 26307 0 1 90000
a 23061 26305 0 1 90000
a 23062 26308 0 1 90000
a 23062 26307 0 1 90000
a 23062 26305 0 1 90000
a 23063 26307 0 1 90000
a 23063 26308 0 1 90000
a 23063 26305 0 1 90000
a 23067 26308 0 1 90000
a 23067 26305 0 1 90000
a 23067 26307 0 1 90000
a 23068 26305 0 1 90000
a 23068 26308 0 1 90000
a 23068 26307 0 1 90000
a 23069 26307 0 1 90000
a 23069 26305 0 1 90000
a 23069 26308 0 1 90000
a 23070 26305 0 1 90000
a 23070 26308 0 1 90000
a 23070 26307 0 1 90000
a 23071 26305 0 1 90000
a 23071 26307 0 1 90000
a 23071 26308 0 1 90000
a 23072 26305 0 1 90000
a 23072 26307 0 1 90000
a 23072 26308 0 1 90000
a 23073 26305 0 1 90000
a 23073 26307 0 1 90000
a 23073 26308 0 1 90000
a 23074 26307 0 1 90000
a 23074 26308 0 1 90000
a 23074 26305 0 1 90000
a 23075 26307 0 1 90000
a 23075 26308 0 1 90000
a 23075 26305 0 1 90000
a 23076 26307 0 1 90000
a 23076 26305 0 1 90000
a 23076 26308 0 1 90000
a 23077 26305 0 1 90000
a 23077 26307 0 1 90000
a 23077 26308 0 1 90000
a 23078 26305 0 1 90000
a 23078 26308 0 1 90000
a 23078 26307 0 1 90000
a 23079 26308 0 1 90000
a 23079 26307 0 1 90000
a 23079 26305 0 1 90000
a 23084 26308 0 1 90000
a 23084 26305 0 1 90000
a 23084 26307 0 1 90000
a 23085 26307 0 1 90000
a 23085 26308 0 1 90000
a 23085 26305 0 1 90000
a 23086 26307 0 1 90000
a 23086 26305 0 1 90000
a 23086 26308 0 1 90000
a 23087 26305 0 1 90000
a 23087 26307 0 1 90000
a 23087 26308 0 1 90000
a 23088 26308 0 1 90000
a 23088 26305 0 1 90000
a 23088 26307 0 1 90000
a 23091 26308 0 1 90000
a 23091 26305 0 1 90000
a 23091 26307 0 1 90000
a 23092 26307 0 1 90000
a 23092 26308 0 1 90000
a 23092 26305 0 1 90000
a 23093 26308 0 1 90000
a 23093 26305 0 1 90000
a 23093 26307 0 1 90000
a 23095 26308 0 1 90000
a 23095 26305 0 1 90000
a 23095 26307 0 1 90000
a 23103 26305 0 1 90000
a 23103 26307 0 1 90000
a 23103 26308 0 1 90000
a 23682 26307 0 1 90000
a 23682 26305 0 1 90000
a 23682 26308 0 1 90000
a 23684 26308 0 1 90000
a 23684 26305 0 1 90000
a 23684 26307 0 1 90000
a 23686 26308 0 1 90000
a 23686 26307 0 1 90000
a 23686 26305 0 1 90000
a 23690 26307 0 1 90000
a 23690 26308 0 1 90000
a 23690 26305 0 1 90000
a 23691 26305 0 1 90000
a 23691 26308 0 1 90000
a 23691 26307 0 1 90000
a 23692 26308 0 1 90000
a 23692 26305 0 1 90000
a 23692 26307 0 1 90000
a 23693 26307 0 1 90000
a 23693 26305 0 1 90000
a 23693 26308 0 1 90000
a 23694 26305 0 1 90000
a 23694 26307 0 1 90000
a 23694 26308 0 1 90000
a 23695 26308 0 1 90000
a 23695 26307 0 1 90000
a 23695 26305 0 1 90000
a 23696 26305 0 1 90000
a 23696 26307 0 1 90000
a 23696 26308 0 1 90000
a 23697 26307 0 1 90000
a 23697 26308 0 1 90000
a 23697 26305 0 1 90000
a 23698 26308 0 1 90000
a 23698 26305 0 1 90000
a 23698 26307 0 1 90000
a 23699 26308 0 1 90000
a 23699 26307 0 1 90000
a 23699 26305 0 1 90000
a 23700 26307 0 1 90000
a 23700 26308 0 1 90000
a 23700 26305 0 1 90000
a 23701 26308 0 1 90000
a 23701 26307 0 1 90000
a 23701 26305 0 1 90000
a 23702 26305 0 1 90000
a 23702 26308 0 1 90000
a 23702 26307 0 1 90000
a 23703 26307 0 1 90000
a 23703 26308 0 1 90000
a 23703 26305 0 1 90000
a 23706 26305 0 1 90000
a 23706 26307 0 1 90000
a 23706 26308 0 1 90000
a 23707 26305 0 1 90000
a 23707 26308 0 1 90000
a 23707 26307 0 1 90000
a 23708 26307 0 1 90000
a 23708 26305 0 1 90000
a 23708 26308 0 1 90000
a 23709 26308 0 1 90000
a 23709 26305 0 1 90000
a 23709 26307 0 1 90000
a 23710 26305 0 1 90000
a 23710 26307 0 1 90000
a 23710 26308 0 1 90000
a 23711 26307 0 1 90000
a 23711 26308 0 1 90000
a 23711 26305 0 1 90000
a 23712 26305 0 1 90000
a 23712 26308 0 1 90000
a 23712 26307 0 1 90000
a 23713 26307 0 1 90000
a 23713 26308 0 1 90000
a 23713 26305 0 1 90000
a 23714 26307 0 1 90000
a 23714 26305 0 1 90000
a 23714 26308 0 1 90000
a 23715 26307 0 1 90000
a 23715 26308 0 1 90000
a 23715 26305 0 1 90000
a 23716 26307 0 1 90000
a 23716 26308 0 1 90000
a 23716 26305 0 1 90000
a 23717 26307 0 1 90000
a 23717 26308 0 1 90000
a 23717 26305 0 1 90000
a 23718 26308 0 1 90000
a 23718 26307 0 1 90000
a 23718 26305 0 1 90000
a 23719 26308 0 1 90000
a 23719 26307 0 1 90000
a 23719 26305 0 1 90000
a 23724 26305 0 1 90000
a 23724 26307 0 1 90000
a 23724 26308 0 1 90000
a 23725 26305 0 1 90000
a 23725 26307 0 1 90000
a 23725 26308 0 1 90000
a 23726 26308 0 1 90000
a 23726 26307 0 1 90000
a 23726 26305 0 1 90000
a 23727 26307 0 1 90000
a 23727 26305 0 1 90000
a 23727 26308 0 1 90000
a 23728 26307 0 1 90000
a 23728 26305 0 1 90000
a 23728 26308 0 1 90000
a 23729 26307 0 1 90000
a 23729 26308 0 1 90000
a 23729 26305 0 1 90000
a 23731 26308 0 1 90000
a 23731 26305 0 1 90000
a 23731 26307 0 1 90000
a 23732 26307 0 1 90000
a 23732 26305 0 1 90000
a 23732 26308 0 1 90000
a 23733 26308 0 1 90000
a 23733 26307 0 1 90000
a 23733 26305 0 1 90000
a 23735 26308 0 1 90000
a 23735 26307 0 1 90000
a 23735 26305 0 1 90000
a 23743 26305 0 1 90000
a 23743 26307 0 1 90000
a 23743 26308 0 1 90000
a 24322 26307 0 1 90000
a 24322 26308 0 1 90000
a 24322 26305 0 1 90000
a 24324 26305 0 1 90000
a 24324 26307 0 1 90000
a 24324 26308 0 1 90000
a 24326 26308 0 1 90000
a 24326 26305 0 1 90000
a 24326 26307 0 1 90000
a 24331 26305 0 1 90000
a 24331 26307 0 1 90000
a 24331 26308 0 1 90000
a 24333 26307 0 1 90000
a 24333 26305 0 1 90000
a 24333 26308 0 1 90000
a 24335 26305 0 1 90000
a 24335 26308 0 1 90000
a 24335 26307 0 1 90000
a 24338 26307 0 1 90000
a 24338 26305 0 1 90000
a 24338 26308 0 1 90000
a 24340 26308 0 1 90000
a 24340 26307 0 1 90000
a 24340 26305 0 1 90000
a 24342 26308 0 1 90000
a 24342 26305 0 1 90000
a 24342 26307 0 1 90000
a 24347 26305 0 1 90000
a 24347 26308 0 1 90000
a 24347 26307 0 1 90000
a 24349 26305 0 1 90000
a 24349 26307 0 1 90000
a 24349 26308 0 1 90000
a 24351 26307 0 1 90000
a 24351 26308 0 1 90000
a 24351 26305 0 1 90000
a 24354 26307 0 1 90000
a 24354 26308 0 1 90000
a 24354 26305 0 1 90000
a 24356 26307 0 1 90000
a 24356 26308 0 1 90000
a 24356 26305 0 1 90000
a 24358 26307 0 1 90000
a 24358 26305 0 1 90000
a 24358 26308 0 1 90000
a 24365 26308 0 1 90000
a 24365 26307 0 1 90000
a 24365 26305 0 1 90000
a 24367 26307 0 1 90000
a 24367 26308 0 1 90000
a 24367 26305 0 1 90000
a 24370 26308 0 1 90000
a 24370 26305 0 1 90000
a 24370 26307 0 1 90000
a 24372 26308 0 1 90000
a 24372 26307 0 1 90000
a 24372 26305 0 1 90000
a 24374 26305 0 1 90000
a 24374 26307 0 1 90000
a 24374 26308 0 1 90000
a 24383 26308 0 1 90000
a 24383 26305 0 1 90000
a 24383 26307 0 1 90000
a 24962 26308 0 1 90000
a 24962 26305 0 1 90000
a 24962 26307 0 1 90000
a 24964 26308 0 1 90000
a 24964 26307 0 1 90000
a 24964 26305 0 1 90000
a 24966 26308 0 1 90000
a 24966 26307 0 1 90000
a 24966 26305 0 1 90000
a 24971 26305 0 1 90000
a 24971 26307 0 1 90000
a 24971 26308 0 1 90000
a 24973 26305 0 1 90000
a 24973 26307 0 1 90000
a 24973 26308 0 1 90000
a 24975 26305 0 1 90000
a 24975 26308 0 1 90000
a 24975 26307 0 1 90000
a 24978 26307 0 1 90000
a 24978 26308 0 1 90000
a 24978 26305 0 1 90000
a 24980 26308 0 1 90000
a 24980 26307 0 1 90000
a 24980 26305 0 1 90000
a 24982 26308 0 1 90000
a 24982 26305 0 1 90000
a 24982 26307 0 1 90000
a 24987 26308 0 1 90000
a 24987 26305 0 1 90000
a 24987 26307 0 1 90000
a 24989 26307 0 1 90000
a 24989 26308 0 1 90000
a 24989 26305 0 1 90000
a 24991 26308 0 1 90000
a 24991 26305 0 1 90000
a 24991 26307 0 1 90000
a 24994 26307 0 1 90000
a 24994 26305 0 1 90000
a 24994 26308 0 1 90000
a 24996 26305 0 1 90000
a 24996 26308 0 1 90000
a 24996 26307 0 1 90000
a 24998 26307 0 1 90000
a 24998 26305 0 1 90000
a 24998 26308 0 1 90000
a 25005 26308 0 1 90000
a 25005 26307 0 1 90000
a 25005 26305 0 1 90000
a 25007 26307 0 1 90000
a 25007 26305 0 1 90000
a 25007 26308 0 1 90000
a 25010 26305 0 1 90000
a 25010 26307 0 1 90000
a 25010 26308 0 1 90000
a 25012 26308 0 1 90000
a 25012 26305 0 1 90000
a 25012 26307 0 1 90000
a 25014 26305 0 1 90000
a 25014 26308 0 1 90000
a 25014 26307 0 1 90000
a 25023 26305 0 1 90000
a 25023 26307 0 1 90000
a 25023 26308 0 1 90000
a 25602 26307 0 1 90000
a 25602 26308 0 1 90000
a 25602 26305 0 1 90000
a 25604 26308 0 1 90000
a 25604 26305 0 1 90000
a 25604 26307 0 1 90000
a 25606 26307 0 1 90000
a 25606 26308 0 1 90000
a 25606 26305 0 1 90000
a 25611 26307 0 1 90000
a 25611 26308 0 1 90000
a 25611 26305 0 1 90000
a 25613 26305 0 1 90000
a 25613 26307 0 1 90000
a 25613 26308 0 1 90000
a 25615 26308 0 1 90000
a 25615 26307 0 1 90000
a 25615 26305 0 1 90000
a 25618 26305 0 1 90000
a 25618 26308 0 1 90000
a 25618 26307 0 1 90000
a 25620 26305 0 1 90000
a 25620 26307 0 1 90000
a 25620 26308 0 1 90000
a 25622 26307 0 1 90000
a 25622 26305 0 1 90000
a 25622 26308 0 1 90000
a 25627 26305 0 1 90000
a 25627 26307 0 1 90000
a 25627 26308 0 1 90000
a 25629 26305 0 1 90000
a 25629 26307 0 1 90000
a 25629 26308 0 1 90000
a 25631 26308 0 1 90000
a 25631 26305 0 1 90000
a 25631 26307 0 1 90000
a 25634 26305 0 1 90000
a 25634 26308 0 1 90000
a 25634 26307 0 1 90000
a 25636 26308 0 1 90000
a 25636 26307 0 1 90000
a 25636 26305 0 1 90000
a 25638 26305 0 1 90000
a 25638 26307 0 1 90000
a 25638 26308 0 1 90000
a 25645 26307 0 1 90000
a 25645 26305 0 1 90000
a 25645 26308 0 1 90000
a 25647 26307 0 1 90000
a 25647 26308 0 1 90000
a 25647 26305 0 1 90000
a 25650 26305 0 1 90000
a 25650 26307 0 1 90000
a 25650 26308 0 1 90000
a 25652 26307 0 1 90000
a 25652 26305 0 1 90000
a 25652 26308 0 1 90000
a 25654 26308 0 1 90000
a 25654 26305 0 1 90000
a 25654 26307 0 1 90000
a 25661 26308 0 1 90000
a 25661 26305 0 1 90000
a 25661 26307 0 1 90000
a 25663 26305 0 1 90000
a 25663 26307 0 1 90000
a 25663 26308 0 1 90000
a 26242 26308 0 1 90000
a 26242 26305 0 1 90000
a 26242 26307 0 1 90000
a 26244 26308 0 1 90000
a 26244 26305 0 1 90000
a 26244 26307 0 1 90000
a 26246 26307 0 1 90000
a 26246 26305 0 1 90000
a 26246 26308 0 1 90000
a 26251 26307 0 1 90000
a 26251 26308 0 1 90000
a 26251 26305 0 1 90000
a 26253 26305 0 1 90000
a 26253 26307 0 1 90000
a 26253 26308 0 1 90000
a 26255 26307 0 1 90000
a 26255 26308 0 1 90000
a 26255 26305 0 1 90000
a 26258 26308 0 1 90000
a 26258 26305 0 1 90000
a 26258 26307 0 1 90000
a 26260 26308 0 1 90000
a 26260 26305 0 1 90000
a 26260 26307 0 1 90000
a 26262 26305 0 1 90000
a 26262 26308 0 1 90000
a 26262 26307 0 1 90000
a 26267 26307 0 1 90000
a 26267 26305 0 1 90000
a 26267 26308 0 1 90000
a 26269 26307 0 1 90000
a 26269 26305 0 1 90000
a 26269 26308 0 1 90000
a 26271 26308 0 1 90000
a 26271 26305 0 1 90000
a 26271 26307 0 1 90000
a 26274 26305 0 1 90000
a 26274 26307 0 1 90000
a 26274 26308 0 1 90000
a 26276 26308 0 1 90000
a 26276 26305 0 1 90000
a 26276 26307 0 1 90000
a 26278 26305 0 1 90000
a 26278 26307 0 1 90000
a 26278 26308 0 1 90000
a 26285 26308 0 1 90000
a 26285 26305 0 1 90000
a 26285 26307 0 1 90000
a 26287 26307 0 1 90000
a 26287 26305 0 1 90000
a 26287 26308 0 1 90000
a 26290 26308 0 1 90000
a 26290 26305 0 1 90000
a 26290 26307 0 1 90000
a 26292 26307 0 1 90000
a 26292 26308 0 1 90000
a 26292 26305 0 1 90000
a 26294 26305 0 1 90000
a 26294 26307 0 1 90000
a 26294 26308 0 1 90000
a 26301 26307 0 1 90000
a 26301 26305 0 1 90000
a 26301 26308 0 1 90000
a 26303 26305 0 1 90000
a 26303 26308 0 1 90000
a 26303 26307 0 1 90000
a 19550 26305 0 1 90000
a 19550 26307 0 1 90000
a 19550 26308 0 1 90000
a 20190 26305 0 1 90000
a 20190 26307 0 1 90000
a 20190 26308 0 1 90000
a 22767 26305 0 1 90000
a 22767 26307 0 1 90000
a 22767 26308 0 1 90000
a 20830 26305 0 1 90000
a 20830 26307 0 1 90000
a 20830 26308 0 1 90000
a 20853 26305 0 1 90000
a 20853 26307 0 1 90000
a 20853 26308 0 1 90000
a 23407 26305 0 1 90000
a 23407 26307 0 1 90000
a 23407 26308 0 1 90000
a 24036 26305 0 1 90000
a 24036 26307 0 1 90000
a 24036 26308 0 1 90000
a 21470 26305 0 1 90000
a 21470 26307 0 1 90000
a 21470 26308 0 1 90000
a 21493 26305 0 1 90000
a 21493 26307 0 1 90000
a 21493 26308 0 1 90000
a 24047 26305 0 1 90000
a 24047 26307 0 1 90000
a 24047 26308 0 1 90000
a 24676 26305 0 1 90000
a 24676 26307 0 1 90000
a 24676 26308 0 1 90000
a 22110 26305 0 1 90000
a 22110 26307 0 1 90000
a 22110 26308 0 1 90000
a 22133 26305 0 1 90000
a 22133 26307 0 1 90000
a 22133 26308 0 1 90000
a 24687 26305 0 1 90000
a 24687 26307 0 1 90000
a 24687 26308 0 1 90000
a 25316 26305 0 1 90000
a 25316 26307 0 1 90000
a 25316 26308 0 1 90000
a 22750 26305 0 1 90000
a 22750 26307 0 1 90000
a 22750 26308 0 1 90000
a 22773 26305 0 1 90000
a 22773 26307 0 1 90000
a 22773 26308 0 1 90000
a 25327 26305 0 1 90000
a 25327 26307 0 1 90000
a 25327 26308 0 1 90000
a 19355 26305 0 1 90000
a 19355 26307 0 1 90000
a 19355 26308 0 1 90000
a 25757 26305 0 1 90000
a 25757 26307 0 1 90000
a 25757 26308 0 1 90000
a 19558 26305 0 1 90000
a 19558 26307 0 1 90000
a 19558 26308 0 1 90000
a 25956 26305 0 1 90000
a 25956 26307 0 1 90000
a 25956 26308 0 1 90000
a 19566 26305 0 1 90000
a 19566 26307 0 1 90000
a 19566 26308 0 1 90000
a 23390 26305 0 1 90000
a 23390 26307 0 1 90000
a 23390 26308 0 1 90000
a 19557 26305 0 1 90000
a 19557 26307 0 1 90000
a 19557 26308 0 1 90000
a 23413 26305 0 1 90000
a 23413 26307 0 1 90000
a 23413 26308 0 1 90000
a 19565 26305 0 1 90000
a 19565 26307 0 1 90000
a 19565 26308 0 1 90000
a 25967 26305 0 1 90000
a 25967 26307 0 1 90000
a 25967 26308 0 1 90000
a 26191 26305 0 1 90000
a 26191 26307 0 1 90000
a 26191 26308 0 1 90000
a 19796 26305 0 1 90000
a 19796 26307 0 1 90000
a 19796 26308 0 1 90000
a 26194 26305 0 1 90000
a 26194 26307 0 1 90000
a 26194 26308 0 1 90000
a 19804 26305 0 1 90000
a 19804 26307 0 1 90000
a 19804 26308 0 1 90000
a 23628 26305 0 1 90000
a 23628 26307 0 1 90000
a 23628 26308 0 1 90000
a 19798 26305 0 1 90000
a 19798 26307 0 1 90000
a 19798 26308 0 1 90000
a 26196 26305 0 1 90000
a 26196 26307 0 1 90000
a 26196 26308 0 1 90000
a 19806 26305 0 1 90000
a 19806 26307 0 1 90000
a 19806 26308 0 1 90000
a 23630 26305 0 1 90000
a 23630 26307 0 1 90000
a 23630 26308 0 1 90000
a 19800 26305 0 1 90000
a 19800 26307 0 1 90000
a 19800 26308 0 1 90000
a 26198 26305 0 1 90000
a 26198 26307 0 1 90000
a 26198 26308 0 1 90000
a 23632 26305 0 1 90000
a 23632 26307 0 1 90000
a 23632 26308 0 1 90000
a 19795 26305 0 1 90000
a 19795 26307 0 1 90000
a 19795 26308 0 1 90000
a 23651 26305 0 1 90000
a 23651 26307 0 1 90000
a 23651 26308 0 1 90000
a 19803 26305 0 1 90000
a 19803 26307 0 1 90000
a 19803 26308 0 1 90000
a 26205 26305 0 1 90000
a 26205 26307 0 1 90000
a 26205 26308 0 1 90000
a 19797 26305 0 1 90000
a 19797 26307 0 1 90000
a 19797 26308 0 1 90000
a 23653 26305 0 1 90000
a 23653 26307 0 1 90000
a 23653 26308 0 1 90000
a 19805 26305 0 1 90000
a 19805 26307 0 1 90000
a 19805 26308 0 1 90000
a 26207 26305 0 1 90000
a 26207 26307 0 1 90000
a 26207 26308 0 1 90000
a 19799 26305 0 1 90000
a 19799 26307 0 1 90000
a 19799 26308 0 1 90000
a 23655 26305 0 1 90000
a 23655 26307 0 1 90000
a 23655 26308 0 1 90000
a 19820 26305 0 1 90000
a 19820 26307 0 1 90000
a 19820 26308 0 1 90000
a 23644 26305 0 1 90000
a 23644 26307 0 1 90000
a 23644 26308 0 1 90000
a 19814 26305 0 1 90000
a 19814 26307 0 1 90000
a 19814 26308 0 1 90000
a 26212 26305 0 1 90000
a 26212 26307 0 1 90000
a 26212 26308 0 1 90000
a 19822 26305 0 1 90000
a 19822 26307 0 1 90000
a 19822 26308 0 1 90000
a 23646 26305 0 1 90000
a 23646 26307 0 1 90000
a 23646 26308 0 1 90000
a 19813 26305 0 1 90000
a 19813 26307 0 1 90000
a 19813 26308 0 1 90000
a 23669 26305 0 1 90000
a 23669 26307 0 1 90000
a 23669 26308 0 1 90000
a 19821 26305 0 1 90000
a 19821 26307 0 1 90000
a 19821 26308 0 1 90000
a 26223 26305 0 1 90000
a 26223 26307 0 1 90000
a 26223 26308 0 1 90000
a 19830 26305 0 1 90000
a 19830 26307 0 1 90000
a 19830 26308 0 1 90000
a 26228 26305 0 1 90000
a 26228 26307 0 1 90000
a 26228 26308 0 1 90000
a 19838 26305 0 1 90000
a 19838 26307 0 1 90000
a 19838 26308 0 1 90000
a 23662 26305 0 1 90000
a 23662 26307 0 1 90000
a 23662 26308 0 1 90000
a 19849 26305 0 1 90000
a 19849 26307 0 1 90000
a 19849 26308 0 1 90000
a 19841 26305 0 1 90000
a 19841 26307 0 1 90000
a 19841 26308 0 1 90000
a 26242 26305 0 1 90000
a 26242 26307 0 1 90000
a 26242 26308 0 1 90000
a 19843 26305 0 1 90000
a 19843 26307 0 1 90000
a 19843 26308 0 1 90000
a 19852 26305 0 1 90000
a 19852 26307 0 1 90000
a 19852 26308 0 1 90000
a 26244 26305 0 1 90000
a 26244 26307 0 1 90000
a 26244 26308 0 1 90000
a 19845 26305 0 1 90000
a 19845 26307 0 1 90000
a 19845 26308 0 1 90000
a 19854 26305 0 1 90000
a 19854 26307 0 1 90000
a 19854 26308 0 1 90000
a 19855 26305 0 1 90000
a 19855 26307 0 1 90000
a 19855 26308 0 1 90000
a 26246 26305 0 1 90000
a 26246 26307 0 1 90000
a 26246 26308 0 1 90000
a 19847 26305 0 1 90000
a 19847 26307 0 1 90000
a 19847 26308 0 1 90000
a 19850 26305 0 1 90000
a 19850 26307 0 1 90000
a 19850 26308 0 1 90000
a 23697 26305 0 1 90000
a 23697 26307 0 1 90000
a 23697 26308 0 1 90000
a 19842 26305 0 1 90000
a 19842 26307 0 1 90000
a 19842 26308 0 1 90000
a 26251 26305 0 1 90000
a 26251 26307 0 1 90000
a 26251 26308 0 1 90000
a 23699 26305 0 1 90000
a 23699 26307 0 1 90000
a 23699 26308 0 1 90000
a 26253 26305 0 1 90000
a 26253 26307 0 1 90000
a 26253 26308 0 1 90000
a 23701 26305 0 1 90000
a 23701 26307 0 1 90000
a 23701 26308 0 1 90000
a 26255 26305 0 1 90000
a 26255 26307 0 1 90000
a 26255 26308 0 1 90000
a 19856 26305 0 1 90000
a 19856 26307 0 1 90000
a 19856 26308 0 1 90000
a 23703 26305 0 1 90000
a 23703 26307 0 1 90000
a 23703 26308 0 1 90000
a 19848 26305 0 1 90000
a 19848 26307 0 1 90000
a 19848 26308 0 1 90000
a 19858 26305 0 1 90000
a 19858 26307 0 1 90000
a 19858 26308 0 1 90000
a 19865 26305 0 1 90000
a 19865 26307 0 1 90000
a 19865 26308 0 1 90000
a 19866 26305 0 1 90000
a 19866 26307 0 1 90000
a 19866 26308 0 1 90000
a 23690 26305 0 1 90000
a 23690 26307 0 1 90000
a 23690 26308 0 1 90000
a 19860 26305 0 1 90000
a 19860 26307 0 1 90000
a 19860 26308 0 1 90000
a 26258 26305 0 1 90000
a 26258 26307 0 1 90000
a 26258 26308 0 1 90000
a 19868 26305 0 1 90000
a 19868 26307 0 1 90000
a 19868 26308 0 1 90000
a 23692 26305 0 1 90000
a 23692 26307 0 1 90000
a 23692 26308 0 1 90000
a 19862 26305 0 1 90000
a 19862 26307 0 1 90000
a 19862 26308 0 1 90000
a 26260 26305 0 1 90000
a 26260 26307 0 1 90000
a 26260 26308 0 1 90000
a 19870 26305 0 1 90000
a 19870 26307 0 1 90000
a 19870 26308 0 1 90000
a 23694 26305 0 1 90000
a 23694 26307 0 1 90000
a 23694 26308 0 1 90000
a 19864 26305 0 1 90000
a 19864 26307 0 1 90000
a 19864 26308 0 1 90000
a 26262 26305 0 1 90000
a 26262 26307 0 1 90000
a 26262 26308 0 1 90000
a 23696 26305 0 1 90000
a 23696 26307 0 1 90000
a 23696 26308 0 1 90000
a 23713 26305 0 1 90000
a 23713 26307 0 1 90000
a 23713 26308 0 1 90000
a 26267 26305 0 1 90000
a 26267 26307 0 1 90000
a 26267 26308 0 1 90000
a 19859 26305 0 1 90000
a 19859 26307 0 1 90000
a 19859 26308 0 1 90000
a 23715 26305 0 1 90000
a 23715 26307 0 1 90000
a 23715 26308 0 1 90000
a 19867 26305 0 1 90000
a 19867 26307 0 1 90000
a 19867 26308 0 1 90000
a 26269 26305 0 1 90000
a 26269 26307 0 1 90000
a 26269 26308 0 1 90000
a 19861 26305 0 1 90000
a 19861 26307 0 1 90000
a 19861 26308 0 1 90000
a 23717 26305 0 1 90000
a 23717 26307 0 1 90000
a 23717 26308 0 1 90000
a 19869 26305 0 1 90000
a 19869 26307 0 1 90000
a 19869 26308 0 1 90000
a 26271 26305 0 1 90000
a 26271 26307 0 1 90000
a 26271 26308 0 1 90000
a 19863 26305 0 1 90000
a 19863 26307 0 1 90000
a 19863 26308 0 1 90000
a 23719 26305 0 1 90000
a 23719 26307 0 1 90000
a 23719 26308 0 1 90000
a 19871 26305 0 1 90000
a 19871 26307 0 1 90000
a 19871 26308 0 1 90000
a 19874 26305 0 1 90000
a 19874 26307 0 1 90000
a 19874 26308 0 1 90000
a 19881 26305 0 1 90000
a 19881 26307 0 1 90000
a 19881 26308 0 1 90000
a 19882 26305 0 1 90000
a 19882 26307 0 1 90000
a 19882 26308 0 1 90000
a 23706 26305 0 1 90000
a 23706 26307 0 1 90000
a 23706 26308 0 1 90000
a 19876 26305 0 1 90000
a 19876 26307 0 1 90000
a 19876 26308 0 1 90000
a 26274 26305 0 1 90000
a 26274 26307 0 1 90000
a 26274 26308 0 1 90000
a 19884 26305 0 1 90000
a 19884 26307 0 1 90000
a 19884 26308 0 1 90000
a 23708 26305 0 1 90000
a 23708 26307 0 1 90000
a 23708 26308 0 1 90000
a 19878 26305 0 1 90000
a 19878 26307 0 1 90000
a 19878 26308 0 1 90000
a 26276 26305 0 1 90000
a 26276 26307 0 1 90000
a 26276 26308 0 1 90000
a 19886 26305 0 1 90000
a 19886 26307 0 1 90000
a 19886 26308 0 1 90000
a 23710 26305 0 1 90000
a 23710 26307 0 1 90000
a 23710 26308 0 1 90000
a 19880 26305 0 1 90000
a 19880 26307 0 1 90000
a 19880 26308 0 1 90000
a 26278 26305 0 1 90000
a 26278 26307 0 1 90000
a 26278 26308 0 1 90000
a 23712 26305 0 1 90000
a 23712 26307 0 1 90000
a 23712 26308 0 1 90000
a 23729 26305 0 1 90000
a 23729 26307 0 1 90000
a 23729 26308 0 1 90000
a 23731 26305 0 1 90000
a 23731 26307 0 1 90000
a 23731 26308 0 1 90000
a 19883 26305 0 1 90000
a 19883 26307 0 1 90000
a 19883 26308 0 1 90000
a 26285 26305 0 1 90000
a 26285 26307 0 1 90000
a 26285 26308 0 1 90000
a 19877 26305 0 1 90000
a 19877 26307 0 1 90000
a 19877 26308 0 1 90000
a 23733 26305 0 1 90000
a 23733 26307 0 1 90000
a 23733 26308 0 1 90000
a 19885 26305 0 1 90000
a 19885 26307 0 1 90000
a 19885 26308 0 1 90000
a 26287 26305 0 1 90000
a 26287 26307 0 1 90000
a 26287 26308 0 1 90000
a 19879 26305 0 1 90000
a 19879 26307 0 1 90000
a 19879 26308 0 1 90000
a 23735 26305 0 1 90000
a 23735 26307 0 1 90000
a 23735 26308 0 1 90000
a 19892 26305 0 1 90000
a 19892 26307 0 1 90000
a 19892 26308 0 1 90000
a 26290 26305 0 1 90000
a 26290 26307 0 1 90000
a 26290 26308 0 1 90000
a 19900 26305 0 1 90000
a 19900 26307 0 1 90000
a 19900 26308 0 1 90000
a 23724 26305 0 1 90000
a 23724 26307 0 1 90000
a 23724 26308 0 1 90000
a 19894 26305 0 1 90000
a 19894 26307 0 1 90000
a 19894 26308 0 1 90000
a 26292 26305 0 1 90000
a 26292 26307 0 1 90000
a 26292 26308 0 1 90000
a 19902 26305 0 1 90000
a 19902 26307 0 1 90000
a 19902 26308 0 1 90000
a 23726 26305 0 1 90000
a 23726 26307 0 1 90000
a 23726 26308 0 1 90000
a 19896 26305 0 1 90000
a 19896 26307 0 1 90000
a 19896 26308 0 1 90000
a 26294 26305 0 1 90000
a 26294 26307 0 1 90000
a 26294 26308 0 1 90000
a 23728 26305 0 1 90000
a 23728 26307 0 1 90000
a 23728 26308 0 1 90000
a 26301 26305 0 1 90000
a 26301 26307 0 1 90000
a 26301 26308 0 1 90000
a 26303 26305 0 1 90000
a 26303 26307 0 1 90000
a 26303 26308 0 1 90000
a 19895 26305 0 1 90000
a 19895 26307 0 1 90000
a 19895 26308 0 1 90000
a 19904 26305 0 1 90000
a 19904 26307 0 1 90000
a 19904 26308 0 1 90000
